# d_m
# unit = Mpc
7.374124687812450247e+03
7.367049855777710945e+03
7.359954080759632234e+03
7.352837260728242654e+03
7.345699292969507042e+03
7.338540074079602164e+03
7.331359499959031382e+03
7.324157465806812070e+03
7.316933866114512966e+03
7.309688594660253329e+03
7.302421544502666620e+03
7.295132607974754137e+03
7.287821676677751384e+03
7.280488641474845281e+03
7.273133392484893193e+03
7.265755819076062835e+03
7.258355809859379406e+03
7.250933252682258171e+03
7.243488034621912448e+03
7.236020041978757035e+03
7.228529160269687054e+03
7.221015274221327672e+03
7.213478267763209260e+03
7.205918024020843404e+03
7.198334425308777099e+03
7.190727353123529610e+03
7.183096688136482044e+03
7.175442310186694158e+03
7.167764098273645686e+03
7.160061930549883073e+03
7.152335684313629827e+03
7.144585236001277735e+03
7.136810461179840786e+03
7.129011234539293582e+03
7.121187429884869744e+03
7.113338920129233884e+03
7.105465577284619940e+03
7.097567272454867634e+03
7.089643875827356169e+03
7.081695256664894259e+03
7.073721283297483751e+03
7.065721823114050494e+03
7.057696742554023331e+03
7.049645907098873977e+03
7.041569181263560495e+03
7.033466428587866176e+03
7.025337511627650201e+03
7.017182291946031000e+03
7.009000630104443189e+03
7.000792385653612655e+03
6.992557417124465246e+03
6.984295582018871755e+03
6.976006736800389262e+03
6.967690736884816033e+03
6.959347436630699121e+03
6.950976689329717374e+03
6.942578347196988943e+03
6.934152261361246929e+03
6.925698281854923152e+03
6.917216257604136445e+03
6.908706036418554504e+03
6.900167464981157536e+03
6.891600388837910032e+03
6.883004652387281567e+03
6.874380098869709400e+03
6.865726570356898264e+03
6.857043907741024668e+03
6.848331950723851151e+03
6.839590537805680469e+03
6.830819506274220657e+03
6.822018692193320931e+03
6.813187930391581176e+03
6.804327054450870492e+03
6.795435896694660187e+03
6.786514288176294940e+03
6.777562058667114798e+03
6.768579036644419830e+03
6.759565049279352934e+03
6.750519922424630749e+03
6.741443480602119052e+03
6.732335546990329931e+03
6.723195943411711596e+03
6.714024490319864526e+03
6.704821006786593898e+03
6.695585310488799223e+03
6.686317217695263025e+03
6.677016543253274904e+03
6.667683100575090975e+03
6.658316701624299640e+03
6.648917156901982707e+03
6.639484275432751019e+03
6.630017864750641820e+03
6.620517730884820594e+03
6.610983678345186490e+03
6.601415510107757655e+03
6.591813027599943780e+03
6.582176030685636761e+03
6.572504317650139456e+03
6.562797685184941656e+03
6.553055928372313247e+03
6.543278840669735473e+03
6.533466213894168504e+03
6.523617838206137094e+03
6.513733502093651623e+03
6.503812992355939969e+03
6.493856094087013844e+03
6.483862590659046873e+03
6.473832263705574405e+03
6.463764893104519615e+03
6.453660256960985862e+03
6.443518131589945369e+03
6.433338291498658691e+03
6.423120509368930470e+03
6.412864556039189665e+03
6.402570200486345129e+03
6.392237209807450199e+03
6.381865349201171739e+03
6.371454381949054550e+03
6.361004069396572959e+03
6.350514170933986861e+03
6.339984443976977673e+03
6.329414643947077820e+03
6.318804524251874682e+03
6.308153836265021710e+03
6.297462329306005813e+03
6.286729750619703736e+03
6.275955845355717429e+03
6.265140356547469310e+03
6.254283025091100171e+03
6.243383589724096964e+03
6.232441787003720492e+03
6.221457351285171171e+03
6.210430014699538333e+03
6.199359507131503960e+03
6.188245556196781763e+03
6.177087887219356162e+03
6.165886223208420233e+03
6.154640284835113562e+03
6.143349790408971785e+03
6.132014455854131484e+03
6.120633994685293146e+03
6.109208117983403099e+03
6.097736534371068046e+03
6.086218949987752239e+03
6.074655068464645410e+03
6.063044590899291507e+03
6.051387215829955494e+03
6.039682639209695481e+03
6.027930554380162903e+03
6.016130652045131683e+03
6.004282620243730889e+03
5.992386144323410917e+03
5.980440906912604987e+03
5.968446587893115066e+03
5.956402864372202203e+03
5.944309410654374005e+03
5.932165898212889260e+03
5.919971995660962421e+03
5.907727368722648862e+03
5.895431680203454562e+03
5.883084589960619269e+03
5.870685754873098631e+03
5.858234828811241641e+03
5.845731462606154309e+03
5.833175304018729548e+03
5.820565997708396026e+03
5.807903185201517772e+03
5.795186504859495471e+03
5.782415591846527605e+03
5.769590078097055084e+03
5.756709592282887570e+03
5.743773759779990542e+03
5.730782205611955760e+03
5.717734542409024471e+03
5.704630388535962084e+03
5.691469355846598773e+03
5.678251052727913702e+03
5.664975084064820294e+03
5.651641051204623182e+03
5.638248551921127728e+03
5.624797180378437588e+03
5.611286527094355733e+03
5.597716178903510809e+03
5.584085718920089676e+03
5.570394726500251636e+03
5.556642777204188860e+03
5.542829442757859397e+03
5.528954291014359114e+03
5.515016885914961676e+03
5.501016787449800177e+03
5.486953551618235906e+03
5.472826730388845135e+03
5.458635871659118493e+03
5.444380519214748347e+03
5.430060212688646970e+03
5.415674487519586364e+03
5.401222874910522478e+03
5.386704901786564733e+03
5.372120090752629949e+03
5.357467960050771580e+03
5.342748023517176989e+03
5.327959790538818197e+03
5.313102766009824336e+03
5.298176450287513035e+03
5.283180339148108942e+03
5.268113923742163934e+03
5.252976690549669001e+03
5.237768121334860552e+03
5.222487693100756587e+03
5.207134878043385470e+03
5.191709143505728207e+03
5.176209951931421529e+03
5.160636760818151743e+03
5.144989022670829399e+03
5.129266184954480195e+03
5.113467690046911230e+03
5.097592975191148980e+03
5.081641472447645356e+03
5.065612608646275476e+03
5.049505805338128994e+03
5.033320478747125890e+03
5.017056039721439447e+03
5.000711893684769166e+03
4.984287440587453602e+03
4.967782074857456792e+03
4.951195185351229156e+03
4.934526155304474742e+03
4.917774362282801121e+03
4.900939178132352026e+03
4.884019968930349023e+03
4.867016094935617730e+03
4.849926910539094933e+03
4.832751764214379364e+03
4.815489998468276099e+03
4.798140949791432831e+03
4.780703948609039799e+03
4.763178319231659771e+03
4.745563379806181729e+03
4.727858442266942802e+03
4.710062812287059387e+03
4.692175789229980182e+03
4.674196666101296614e+03
4.656124729500854301e+03
4.637959259575194665e+03
4.619699529970379444e+03
4.601344807785202647e+03
4.582894353524861799e+03
4.564347421055131235e+03
4.545703257557051074e+03
4.526961103482222825e+03
4.508120192508723449e+03
4.489179751497692450e+03
4.470139000450668391e+03
4.450997152467710293e+03
4.431753413706359424e+03
4.412406983341500563e+03
4.392957053526200070e+03
4.373402809353564408e+03
4.353743428819699147e+03
4.333978082787816675e+03
4.314105934953602628e+03
4.294126141811874732e+03
4.274037852624634979e+03
4.253840209390588825e+03
4.233532346816203244e+03
4.213113392288420982e+03
4.192582465849086475e+03
4.171938680171187116e+03
4.151181140537029933e+03
4.130308944818389136e+03
4.109321183458839187e+03
4.088216939458237448e+03
4.066995288359589722e+03
4.045655298238358682e+03
4.024196029694326626e+03
4.002616535846160332e+03
3.980915862328784442e+03
3.959093047293727068e+03
3.937147121412517663e+03
3.915077107883341796e+03
3.892882022441044228e+03
3.870560873370658555e+03
3.848112661524623945e+03
3.825536380343821747e+03
3.802831015882609790e+03
3.779995546838038535e+03
3.757028944583402335e+03
3.733930173206317704e+03
3.710698189551509131e+03
3.687331943268492978e+03
3.663830376864377740e+03
3.640192425761946197e+03
3.616417018363252737e+03
3.592503076118947320e+03
3.568449513603552077e+03
3.544255238596898380e+03
3.519919152171969927e+03
3.495440148789392879e+03
3.470817116398811777e+03
3.446048936547407720e+03
3.421134484495804827e+03
3.396072629341649190e+03
3.370862234151096800e+03
3.345502156098535579e+03
3.319991246614762076e+03
3.294328351543968438e+03
3.268512311309765664e+03
3.242541961090606947e+03
3.216416131004859835e+03
3.190133646305895581e+03
3.163693327587451222e+03
3.137093990999655944e+03
3.110334448475979116e+03
3.083413507971498802e+03
3.056329973712765877e+03
3.029082646459679381e+03
3.001670323779622777e+03
2.974091800334329037e+03
2.946345868179706031e+03
2.918431317079082419e+03
2.890346934830168266e+03
2.862091507606110554e+03
2.833663820311022846e+03
2.805062656950313340e+03
2.776286801016224217e+03
2.747335035888899256e+03
2.718206145253372142e+03
2.688898913532818824e+03
2.659412126338442704e+03
2.629744570936324180e+03
2.599895036731614255e+03
2.569862315770375062e+03
2.539645203259450682e+03
2.509242498104626975e+03
2.478653003467480175e+03
2.447875527341129327e+03
2.416908883145278651e+03
2.385751890340739465e+03
2.354403375063774092e+03
2.322862170780447286e+03
2.291127118961249835e+03
2.259197069776192166e+03
2.227070882810550302e+03
2.194747427801413323e+03
2.162225585395203325e+03
2.129504247926218795e+03
2.096582320216330118e+03
2.063458720395825821e+03
2.030132380745443243e+03
1.996602248559535383e+03
1.962867287030310308e+03
1.928926476153019166e+03
1.894778813651953442e+03
1.860423315927003841e+03
1.825859019020566393e+03
1.791084979604447199e+03
1.756100275986418410e+03
1.720904009135984779e+03
1.685495303728884437e+03
1.649873309209750005e+03
1.614037200872333415e+03
1.577986180956588669e+03
1.541719479761841740e+03
1.505236356775245895e+03
1.468536101814547919e+03
1.431618036184235962e+03
1.394481513843943731e+03
1.357125922587967580e+03
1.319550685234656612e+03
1.281755260824325887e+03
1.243739145824279149e+03
1.205501875339421304e+03
1.167043024326857449e+03
1.128362208812778590e+03
1.089459087109837128e+03
1.050333361033136043e+03
1.010984777112844881e+03
9.714131278013801420e+02
9.316182526729802476e+02
8.916000396134318180e+02
8.513584259976028079e+02
8.108933998523572200e+02
7.702050010023460800e+02
7.292933221960918218e+02
6.881585102096892115e+02
6.468007669254096754e+02
6.052203503823959636e+02
5.634175757965891762e+02
5.213928165469919804e+02
4.791465051252779972e+02
4.366791340457826323e+02
3.939912567128227465e+02
3.510834882422957435e+02
3.079565062345004662e+02
2.646110514951033679e+02
2.210479287011812914e+02
1.772680070093111055e+02
1.332722206026695915e+02
8.906156917418481100e+01
4.463711834279893509e+01
0.000000000000000000e+00
